3 0.5538961038961039 0.5961968680089486 0.10779220779220779 0.2841163310961969
3 0.7025974025974026 0.6051454138702461 0.14805194805194805 0.30201342281879195
3 0.4331168831168831 0.5604026845637584 0.12857142857142856 0.2751677852348993
1 0.18311688311688312 0.36577181208053694 0.07272727272727272 0.09172259507829977
1 0.7045454545454546 0.378076062639821 0.06363636363636363 0.08053691275167785
1 0.8428571428571429 0.4552572706935123 0.07532467532467532 0.087248322147651
3 0.3233766233766234 0.6286353467561522 0.10909090909090909 0.24161073825503357
1 0.2649350649350649 0.4172259507829978 0.05194805194805195 0.06487695749440715
1 0.44545454545454544 0.34563758389261745 0.06493506493506493 0.09619686800894854
1 0.551948051948052 0.4082774049217002 0.06753246753246753 0.09619686800894854
1 0.32532467532467535 0.43288590604026844 0.06103896103896104 0.087248322147651
3 0.8428571428571429 0.6342281879194631 0.10649350649350649 0.2214765100671141
3 0.20584415584415586 0.5917225950782998 0.14155844155844155 0.30648769574944074