1 0.1318359375 0.3550347222222222 0.091796875 0.10243055555555555
1 0.197265625 0.4279513888888889 0.0703125 0.0920138888888889
1 0.3134765625 0.3802083333333333 0.060546875 0.0763888888888889
1 0.85009765625 0.4652777777777778 0.0673828125 0.10069444444444445
1 0.466796875 0.3958333333333333 0.048828125 0.07291666666666667
1 0.03271484375 0.3489583333333333 0.0654296875 0.13194444444444445
1 0.52734375 0.4053819444444444 0.0390625 0.057291666666666664
1 0.66845703125 0.3940972222222222 0.0458984375 0.059027777777777776
1 0.71435546875 0.4296875 0.0498046875 0.08506944444444445
2 0.3095703125 0.7118055555555556 0.1171875 0.5104166666666666
1 0.5909375 0.4362673611111111 0.05123046875 0.06621527777777778