3 0.9199346405228758 0.24632352941176472 0.08169934640522876 0.13480392156862744
3 0.7745098039215687 0.6348039215686274 0.07516339869281045 0.14705882352941177
1 0.8986928104575164 0.15318627450980393 0.049019607843137254 0.0661764705882353
1 0.6176470588235294 0.5772058823529411 0.042483660130718956 0.056372549019607844
1 0.3741830065359477 0.5343137254901961 0.0457516339869281 0.049019607843137254
3 0.35784313725490197 0.6151960784313726 0.08169934640522876 0.10784313725490197
3 0.5826307189542483 0.694313725490196 0.05619281045751634 0.1631372549019608
3 0.34921568627450983 0.3220588235294118 0.04890522875816993 0.06360294117647058
3 0.4924836601307189 0.3219362745098039 0.057696078431372554 0.07401960784313726
1 0.34795751633986927 0.2636519607843137 0.03006535947712418 0.0333578431372549
1 0.5022222222222222 0.2706372549019608 0.0342483660130719 0.029656862745098038
1 0.7654575163398692 0.5300245098039216 0.05624183006535948 0.06433823529411764