1 0.160625 0.37555555555555553 0.08125 0.09333333333333334
3 0.516875 0.43555555555555553 0.05625 0.15555555555555556
3 0.906875 0.3888888888888889 0.08375 0.1511111111111111
3 0.36 0.46 0.0625 0.14222222222222222
3 0.765 0.4266666666666667 0.0975 0.19555555555555557
3 0.168125 0.5555555555555556 0.11875 0.24888888888888888
1 0.88875 0.26666666666666666 0.0425 0.057777777777777775
1 0.42713749999999995 0.3479777777777778 0.041775 0.048466666666666665
1 0.45875 0.31222222222222223 0.0425 0.04666666666666667
1 0.520625 0.3111111111111111 0.04125 0.05333333333333334
1 0.748125 0.24888888888888888 0.06125 0.07111111111111111
1 0.3465125 0.35346666666666665 0.0388625 0.06344444444444444