1 0.835 0.6613508442776735 0.08 0.10694183864915573
1 0.126875 0.873358348968105 0.10875 0.14071294559099437
1 0.735625 0.3789868667917448 0.05375 0.0825515947467167
1 0.421875 0.550656660412758 0.07875 0.09943714821763602
1 0.496875 0.6238273921200751 0.07625 0.11069418386491557
2 0.594375 0.3339587242026266 0.09375 0.1726078799249531
1 0.595625 0.22795497185741087 0.04875 0.058161350844277676
1 0.651875 0.6238273921200751 0.07125 0.11069418386491557
1 0.8034 0.3999249530956848 0.048475000000000004 0.07568480300187617
1 0.23928750000000001 0.6208067542213883 0.0764875 0.11234521575984992
1 0.36141249999999997 0.9385553470919324 0.0957375 0.12288930581613508