3 0.607421875 0.5005861664712778 0.10078125 0.2321219226260258
3 0.3765625 0.4349355216881594 0.1046875 0.246189917936694
3 0.723828125 0.4232121922626026 0.13828125 0.22039859320046892
3 0.493359375 0.4308323563892145 0.11015625 0.22157092614302462
3 0.124609375 0.3974208675263775 0.12265625 0.23681125439624853
1 0.13515625 0.20926143024618993 0.06875 0.09261430246189918
1 0.212109375 0.264947245017585 0.07578125 0.09378663540445487
1 0.822265625 0.2596717467760844 0.08828125 0.09964830011723329
1 0.37578125 0.24794841735052756 0.0671875 0.08089097303634232
1 0.600390625 0.3030480656506448 0.06953125 0.059788980070339975
3 0.29140625 0.39859320046893315 0.0578125 0.21570926143024619
1 0.30234375 0.22039859320046892 0.0625 0.07502930832356389
1 0.4875 0.2502930832356389 0.0625 0.07151230949589683
1 0.72578125 0.24091441969519342 0.0609375 0.08089097303634232