1 0.3042979344877947 0.2697583278902678 0.09785103275610264 0.10907903331156107
3 0.5228458168161902 0.4487263226649249 0.05049029835176299 0.11234487263226649
3 0.7081160025036511 0.44333768778576094 0.047986647193824325 0.09438275636838668
1 0.6457333611516796 0.36250816459830176 0.031712914667223036 0.041802743305029394
1 0.4188399749634884 0.2855976485956891 0.08575005215939913 0.08719790986283475
3 0.6512622574587941 0.44431743958197256 0.05361986229918631 0.09830176355323318
3 0.27863551011892346 0.495754408883083 0.14458585437095764 0.29261920313520573
1 0.5143959941581473 0.36087524493794904 0.037763404965574794 0.04310907903331156
3 0.138326726476111 0.43043762246897455 0.0646776549134154 0.12083605486610059
1 0.16680575839766326 0.34013716525146964 0.044439808053411224 0.05519268451992162
1 0.6928854579595243 0.372305682560418 0.03213018986021281 0.039843239712606136
3 0.41977884414771544 0.5083278902677988 0.15147089505528896 0.3131939908556499