1 0.1538359375 0.5789305555555555 0.04725 0.13843055555555556
1 0.27803125 0.27669444444444447 0.042515625 0.08179166666666667
1 0.3905078125 0.27808333333333335 0.054976562500000006 0.06234722222222222
1 0.43971875000000005 0.24615277777777778 0.025273437500000002 0.06511111111111112
3 0.5384140625 0.30677777777777776 0.06328125 0.0938611111111111
1 0.5279843750000001 0.24290277777777775 0.054929687500000005 0.07713888888888888
1 0.6636484375 0.27298611111111115 0.0418828125 0.07809722222222222
3 0.8164843749999999 0.3202083333333334 0.0944296875 0.2169861111111111
1 0.814140625 0.21143055555555554 0.061617187500000004 0.07344444444444445
3 0.297296875 0.4993194444444444 0.1435546875 0.16431944444444443
3 0.5233046875 0.39518055555555553 0.0955703125 0.10038888888888889
3 0.7060859374999999 0.3637222222222222 0.0923828125 0.20775000000000002